0
0
0
0
0
0
0
0
0
0
0
0
0
0
0
0
0
0
0
0
0
0
56385
58981
58981
58981
58981
58981
58981
58981
58981
58981
58981
58981
58981
58981
58981
58981
58981
58981
58981
58981
58981
58981
58981
58981
58981
58981
58981
58981
58981
58981
58981
58981
58981
58981
58981
58981
58981
58981
58981
58981
58981
58981
58981
58981
58981
58981
58981
58981
58981
58981
58981
58981
58981
58981
58981
58981
58981
58981
58981
58981
58981
58981
58981
58981
58981
58981
58981
58981
58981
58981
58981
58981
58981
58981
58981
58981
58981
58981
58981
58981
58981
56385
53788
51192
48595
45999
43403
40806
38210
35613
33017
30421
27824
25228
22631
20035
17439
14842
12246
9649
7053
7053
7053
7053
7053
7053
7053
7053
7053
7053
7053
7053
7053
7053
7053
7053
7053
7053
7053
7053
7053
7053
7053
7053
7053
7053
7053
7053
7053
7053
7053
7053
7053
7053
7053
7053
7053
7053
7053
7053
7053
7053
7053
7053
7053
7053
7053
7053
7053
7053
7053
7053
7053
7053
7053
7053
7053
7053
7053
7053
7053
7053
7053
7053
7053
7053
7053
7053
7053
7053
7053
7053
7053
7053
7053
7053
7053
7053
7053
7053
7053
9649
12246
14842
17439
20035
22631
25228
27824
30421
33017
35613
38210
40806
43403
45999
48595
51192
53788
56385
58981
58981
58981
58981
58981
58981
58981
58981
58981
58981
58981
58981
58981
58981
58981
58981
58981
58981
58981
58981
58981
58981
58981
58981
58981
58981
58981
58981
58981
58981
58981
58981
58981
58981
58981
58981
58981
58981
58981
58981
58981
58981
58981
58981
58981
58981
58981
58981
58981
58981
58981
58981
58981
58981
58981
58981
58981
58981
58981
58981
58981
58981
58981
58981
58981
58981
58981
58981
58981
58981
58981
58981
58981
58981
58981
58981
58981
58981
58981
58981
58981
56385
53788
51192
48595
45999
43403
40806
38210
35613
33017
30421
27824
25228
22631
20035
17439
14842
12246
9649
7053
6952
6749
6455
6089
5676
5247
4834
4468
4174
3971
3870
3870
3961
4125
4336
4562
4772
4936
5027
5027
5027
5027
5027
5027
5027
5027
5027
5027
5027
5027
5027
5027
5027
5027
5027
5027
5027
5027
5027
5027
5027
5027
5027
5027
5027
5027
5027
5027
5027
5027
5027
5027
5027
5027
5027
5027
5027
5027
5027
5027
5027
5027
5027
5027
5027
5027
5027
5027
5027
5027
5027
5027
5027
5027
5027
5027
5027
5027
5027
5027
5027
5027
5027
5027
5027
5027
5027
5027
5027
5027
5027
5027
5027
5027
5027
5027
5027
5027
5027
5027
5027
